0 1 3 0
1 2 3 0
2 3 4 0
3 1 2 0
4 2 4 0
5 2 5 0
6 4 5 0
7 5 6 0
8 4 6 0
9 4 7 0
10 6 7 0
11 7 8 0
12 6 8 0
13 6 9 0
14 8 9 0
15 9 10 0
16 8 10 0
17 8 11 0
18 10 11 0
19 11 12 0
20 10 12 0
21 10 13 0
22 12 13 0
23 13 14 0
24 12 14 0
25 12 15 0
26 14 15 0
27 15 16 0
28 14 16 0
29 14 17 0
30 16 17 0
31 17 18 0
32 16 18 0
33 16 19 0
34 18 19 0
35 19 20 0
36 18 20 0
37 18 21 0
38 20 21 0
39 21 22 0
40 20 22 0
41 20 23 0
42 22 23 0
43 23 24 0
44 22 24 0
45 22 25 0
46 24 25 0
47 25 26 0
48 24 26 0
49 24 27 0
50 26 27 0
51 27 28 0
52 26 28 0
53 26 29 0
54 28 29 0
55 29 30 0
56 28 30 0
57 28 31 0
58 30 31 0
59 31 32 0
60 30 32 0
61 30 33 0
62 32 33 0
63 33 34 0
64 32 34 0
65 32 35 0
66 34 35 0
67 34 36 0
68 35 36 0