0 0.000000 0.000000
1 0.500000 0.866025
2 0.500000 0.000000
3 1.000000 0.000000
4 1.000000 0.866025
5 1.500000 0.866025
6 1.500000 0.000000
7 2.000000 0.000000
8 2.000000 0.866025
9 2.500000 0.866025
10 2.500000 0.000000
11 3.000000 0.000000
12 3.000000 0.866025
13 3.500000 0.866025
14 3.500000 0.000000
15 4.000000 0.000000
16 4.000000 0.866025
17 4.500000 0.866025
18 4.500000 0.000000
19 5.000000 0.000000
20 5.000000 0.866025
21 5.500000 0.866025
22 5.500000 0.000000
23 6.000000 0.000000
24 6.000000 0.866025
25 6.500000 0.866025
26 6.500000 0.000000
27 7.000000 0.000000
28 7.000000 0.866025
29 7.500000 0.866025
30 7.500000 0.000000
31 8.000000 0.000000
32 8.000000 0.866025
33 8.500000 0.866025
34 8.500000 0.000000
35 9.000000 0.000000